[gd_scene load_steps=28 format=3 uid="uid://mxi85chdge6e"]

[ext_resource type="Script" uid="uid://dt5iekrc6o44k" path="res://entities/player/player.gd" id="1_sglur"]
[ext_resource type="AnimationLibrary" uid="uid://d1g1lbqn0la8r" path="res://assets/animations/libraries/rig_medium/player.res" id="2_abrql"]
[ext_resource type="PackedScene" uid="uid://1krq28mqfx0j" path="res://common/managers/interaction_manager/interaction_manager.tscn" id="3_bectd"]
[ext_resource type="PackedScene" uid="uid://dh84m3f3i3bg5" path="res://common/managers/finite_state_manager/finite_state_manager.tscn" id="4_bls4j"]
[ext_resource type="Script" uid="uid://c6t22388bocef" path="res://entities/player/states/idle.gd" id="5_fkugw"]
[ext_resource type="Script" uid="uid://cldvos00h502l" path="res://entities/player/states/moving.gd" id="6_8fjmc"]
[ext_resource type="Script" uid="uid://b0cmt1x6qbfl0" path="res://entities/player/states/jumping.gd" id="7_qiwj3"]
[ext_resource type="PackedScene" uid="uid://cusoysq3w4wa" path="res://entities/player/class_manager/class_manager.tscn" id="8_26q78"]
[ext_resource type="Resource" uid="uid://cxu6bu8n5oluw" path="res://entities/player/classes/druid/druid.tres" id="8_bectd"]

[sub_resource type="AnimationNodeAnimation" id="AnimationNodeAnimation_abrql"]
animation = &"player/idle_a"

[sub_resource type="AnimationNodeAnimation" id="AnimationNodeAnimation_sglur"]
animation = &"player/running_a"

[sub_resource type="AnimationNodeAnimation" id="AnimationNodeAnimation_bls4j"]
animation = &"player/walking_backwards"

[sub_resource type="AnimationNodeAnimation" id="AnimationNodeAnimation_fkugw"]
animation = &"player/running_strafe_left"

[sub_resource type="AnimationNodeAnimation" id="AnimationNodeAnimation_8fjmc"]
animation = &"player/running_strafe_right"

[sub_resource type="AnimationNodeBlendSpace2D" id="AnimationNodeBlendSpace2D_qiwj3"]
blend_point_0/node = SubResource("AnimationNodeAnimation_abrql")
blend_point_0/pos = Vector2(0, 0)
blend_point_1/node = SubResource("AnimationNodeAnimation_sglur")
blend_point_1/pos = Vector2(0, 1)
blend_point_2/node = SubResource("AnimationNodeAnimation_bls4j")
blend_point_2/pos = Vector2(0, -1)
blend_point_3/node = SubResource("AnimationNodeAnimation_fkugw")
blend_point_3/pos = Vector2(-1, 0)
blend_point_4/node = SubResource("AnimationNodeAnimation_8fjmc")
blend_point_4/pos = Vector2(1, 0)

[sub_resource type="AnimationNodeAnimation" id="AnimationNodeAnimation_qiwj3"]
animation = &"player/jump_idle"

[sub_resource type="AnimationNodeAnimation" id="AnimationNodeAnimation_26q78"]
animation = &"player/jump_land"

[sub_resource type="AnimationNodeAnimation" id="AnimationNodeAnimation_bectd"]
animation = &"player/jump_start"

[sub_resource type="AnimationNodeStateMachineTransition" id="AnimationNodeStateMachineTransition_abrql"]
advance_mode = 2

[sub_resource type="AnimationNodeStateMachineTransition" id="AnimationNodeStateMachineTransition_wvtmh"]
xfade_time = 0.2
advance_mode = 2
advance_condition = &"jumping"

[sub_resource type="AnimationNodeStateMachineTransition" id="AnimationNodeStateMachineTransition_7thud"]
xfade_time = 0.2
switch_mode = 2
advance_mode = 2

[sub_resource type="AnimationNodeStateMachineTransition" id="AnimationNodeStateMachineTransition_a1qjk"]
xfade_time = 0.2
advance_mode = 2
advance_condition = &"grounded"

[sub_resource type="AnimationNodeStateMachineTransition" id="AnimationNodeStateMachineTransition_j3ovn"]
xfade_time = 0.2
switch_mode = 2
advance_mode = 2

[sub_resource type="AnimationNodeStateMachineTransition" id="AnimationNodeStateMachineTransition_afbqv"]
xfade_time = 0.2

[sub_resource type="AnimationNodeStateMachineTransition" id="AnimationNodeStateMachineTransition_sglur"]
xfade_time = 0.2
advance_mode = 2
advance_condition = &"jumping"

[sub_resource type="AnimationNodeStateMachine" id="AnimationNodeStateMachine_symyc"]
states/Idle_Walk_Run_Cycle/node = SubResource("AnimationNodeBlendSpace2D_qiwj3")
states/Idle_Walk_Run_Cycle/position = Vector2(570, 100)
states/Jump_Idle/node = SubResource("AnimationNodeAnimation_qiwj3")
states/Jump_Idle/position = Vector2(570, 247)
states/Jump_Land/node = SubResource("AnimationNodeAnimation_26q78")
states/Jump_Land/position = Vector2(705, 171)
states/Jump_Start/node = SubResource("AnimationNodeAnimation_bectd")
states/Jump_Start/position = Vector2(430, 171)
states/Start/position = Vector2(217, 100)
transitions = ["Start", "Idle_Walk_Run_Cycle", SubResource("AnimationNodeStateMachineTransition_abrql"), "Idle_Walk_Run_Cycle", "Jump_Start", SubResource("AnimationNodeStateMachineTransition_wvtmh"), "Jump_Start", "Jump_Idle", SubResource("AnimationNodeStateMachineTransition_7thud"), "Jump_Idle", "Jump_Land", SubResource("AnimationNodeStateMachineTransition_a1qjk"), "Jump_Land", "Idle_Walk_Run_Cycle", SubResource("AnimationNodeStateMachineTransition_j3ovn"), "Idle_Walk_Run_Cycle", "Jump_Idle", SubResource("AnimationNodeStateMachineTransition_afbqv"), "Jump_Land", "Jump_Start", SubResource("AnimationNodeStateMachineTransition_sglur")]

[sub_resource type="CapsuleShape3D" id="CapsuleShape3D_abrql"]
height = 2.4

[node name="Player" type="CharacterBody3D"]
collision_layer = 2
script = ExtResource("1_sglur")

[node name="Rig_Medium" type="Node3D" parent="."]

[node name="Skeleton3D" type="Skeleton3D" parent="Rig_Medium"]
transform = Transform3D(-1, 0, -8.742278e-08, 0, 1, 0, 8.742278e-08, 0, -1, 0, 0, 0)
bones/0/name = "root"
bones/0/parent = -1
bones/0/rest = Transform3D(1, 0, 2.3841855e-07, 0, 1, 0, -2.3841855e-07, 0, 1, 0, 0, 0)
bones/0/enabled = true
bones/0/position = Vector3(0, 0, 0)
bones/0/rotation = Quaternion(-6.469789e-11, 0.0018801744, 1.12060035e-10, 0.9999983)
bones/0/scale = Vector3(1, 1, 1)
bones/1/name = "hips"
bones/1/parent = 0
bones/1/rest = Transform3D(1, 0, -2.3841855e-07, 0, 1, 0, 2.3841855e-07, 0, 1, 0, 0.40566343, 0)
bones/1/enabled = true
bones/1/position = Vector3(-1.44695855e-24, 0.38724568, 6.0689844e-18)
bones/1/rotation = Quaternion(0.0031618637, 0.042784803, -0.00014367206, 0.99907935)
bones/1/scale = Vector3(0.99999994, 1, 0.99999994)
bones/2/name = "spine"
bones/2/parent = 1
bones/2/rest = Transform3D(1, 0, 1.4210855e-14, 0, 1, 0, -1.4210855e-14, 0, 1, 0, 0.1919775, 0)
bones/2/enabled = true
bones/2/position = Vector3(0, 0.1919775, 0)
bones/2/rotation = Quaternion(0.008317509, 0.00024936162, 0.0009632552, 0.99996495)
bones/2/scale = Vector3(1.0000001, 1, 1.0000001)
bones/3/name = "chest"
bones/3/parent = 2
bones/3/rest = Transform3D(1, 0, -1.6940659e-21, 0, 0.99999994, 0, 1.6940659e-21, 0, 1, 0, 0.37498796, 0)
bones/3/enabled = true
bones/3/position = Vector3(0, 0.37498796, 0)
bones/3/rotation = Quaternion(-0.0017746388, -0.0005670188, 8.750856e-05, 0.99999833)
bones/3/scale = Vector3(1, 0.9999999, 1)
bones/4/name = "upperarm.l"
bones/4/parent = 3
bones/4/rest = Transform3D(0.057284202, 0.9983573, -4.5386042e-07, -3.8742996e-07, 4.768369e-07, 0.99999976, 0.9983573, -0.057284202, 4.1410917e-07, 0.21200737, 0.13413215, 8.402462e-08)
bones/4/enabled = true
bones/4/position = Vector3(0.21192935, 0.13405883, -0.00015507799)
bones/4/rotation = Quaternion(-0.53864175, -0.1083495, -0.7644324, 0.33729598)
bones/4/scale = Vector3(0.9999993, 0.99999905, 0.9999998)
bones/5/name = "lowerarm.l"
bones/5/parent = 4
bones/5/rest = Transform3D(0.99388725, 0.11040192, -1.2453701e-07, -0.110401966, 0.9938869, 3.9025445e-09, 1.2420661e-07, 9.87044e-09, 0.99999994, -3.2196643e-09, 0.2418973, -1.1940561e-07)
bones/5/enabled = true
bones/5/position = Vector3(-3.2196643e-09, 0.2418973, -1.1940561e-07)
bones/5/rotation = Quaternion(2.2178254e-08, -5.5463435e-08, -0.37359148, 0.92759335)
bones/5/scale = Vector3(1.0000004, 0.9999998, 1)
bones/6/name = "wrist.l"
bones/6/parent = 5
bones/6/rest = Transform3D(0.99857867, -0.053297248, -6.125374e-10, 0.053297248, 0.99857867, -1.1874038e-10, 6.179954e-10, 8.5925066e-11, 0.99999994, 7.426282e-09, 0.26004383, 6.127964e-11)
bones/6/enabled = true
bones/6/position = Vector3(7.426282e-09, 0.26004383, 6.127964e-11)
bones/6/rotation = Quaternion(1.5023783e-08, -7.3015043e-09, 0.0266581, 0.99964464)
bones/6/scale = Vector3(1.0000001, 1, 1)
bones/7/name = "hand.l"
bones/7/parent = 6
bones/7/rest = Transform3D(1, 1.091039e-05, 2.7178578e-07, -1.0910391e-05, 0.99999994, -2.40181e-09, -2.7178584e-07, 2.398845e-09, 0.99999994, 9.054979e-13, 0.073825836, -2.220446e-16)
bones/7/enabled = true
bones/7/position = Vector3(9.054979e-13, 0.073825836, -2.220446e-16)
bones/7/rotation = Quaternion(-0.22074571, -0.34478605, 0.17869788, 0.89468485)
bones/7/scale = Vector3(0.99999976, 1.0000001, 1.0000004)
bones/8/name = "handslot.l"
bones/8/parent = 7
bones/8/rest = Transform3D(-1.1920929e-07, 1, -3.4461551e-16, -0.99999994, -1.192093e-07, -4.753489e-09, -4.753489e-09, -2.2204463e-16, 0.99999994, 5.1389204e-10, 0.09612507, -0.057500124)
bones/8/enabled = true
bones/8/position = Vector3(5.1384974e-10, 0.096125126, -0.057500005)
bones/8/rotation = Quaternion(0.0014112181, 0.0018952442, -0.7005735, 0.7135764)
bones/8/scale = Vector3(1, 1, 1)
bones/9/name = "upperarm.r"
bones/9/parent = 3
bones/9/rest = Transform3D(0.05728419, -0.99835724, 4.4361707e-07, 5.6624367e-07, 4.7683673e-07, 0.99999976, -0.99835724, -0.05728419, 5.9262936e-07, -0.21200737, 0.13413215, 8.402462e-08)
bones/9/enabled = true
bones/9/position = Vector3(-0.21202523, 0.13408788, -0.00012126969)
bones/9/rotation = Quaternion(-0.5655486, 0.039660726, 0.729296, 0.3830263)
bones/9/scale = Vector3(0.9999992, 0.9999988, 0.9999998)
bones/10/name = "lowerarm.r"
bones/10/parent = 9
bones/10/rest = Transform3D(0.99388725, -0.11040192, 1.2453701e-07, 0.110401966, 0.9938869, 3.9025445e-09, -1.2420661e-07, 9.87044e-09, 0.99999994, -7.1219225e-11, 0.24189733, -1.1940561e-07)
bones/10/enabled = true
bones/10/position = Vector3(-7.1219225e-11, 0.24189733, -1.1940561e-07)
bones/10/rotation = Quaternion(-2.2453785e-09, 6.125657e-08, 0.38663268, 0.9222339)
bones/10/scale = Vector3(1.0000004, 0.99999976, 1.0000001)
bones/11/name = "wrist.r"
bones/11/parent = 10
bones/11/rest = Transform3D(0.99857867, 0.053297248, 6.1252675e-10, -0.053297248, 0.99857867, -1.1873953e-10, -6.1798466e-10, 8.592478e-11, 0.99999994, -7.426282e-09, 0.26004383, 6.127964e-11)
bones/11/enabled = true
bones/11/position = Vector3(-7.426282e-09, 0.26004383, 6.127964e-11)
bones/11/rotation = Quaternion(2.2357195e-10, 6.7720602e-09, -0.026658092, 0.99964464)
bones/11/scale = Vector3(0.99999994, 0.99999994, 1)
bones/12/name = "hand.r"
bones/12/parent = 11
bones/12/rest = Transform3D(1, -1.091039e-05, -1.8421935e-07, 1.0910391e-05, 0.99999994, -2.4008373e-09, 1.8421939e-07, 2.3988274e-09, 0.99999994, 3.996803e-15, 0.073825836, -2.220446e-16)
bones/12/enabled = true
bones/12/position = Vector3(3.996803e-15, 0.073825836, -2.220446e-16)
bones/12/rotation = Quaternion(-0.21036926, 0.38190252, -0.13217038, 0.89018327)
bones/12/scale = Vector3(0.9999995, 0.99999994, 1.0000005)
bones/13/name = "handslot.r"
bones/13/parent = 12
bones/13/rest = Transform3D(-1.1920929e-07, -1, 3.4460874e-16, 0.99999994, -1.192093e-07, -4.7534323e-09, 4.7534323e-09, -2.2204463e-16, 0.99999994, -5.1389204e-10, 0.09612507, -0.057500124)
bones/13/enabled = true
bones/13/position = Vector3(-1.5294699e-08, 0.096125185, -0.057500005)
bones/13/rotation = Quaternion(0.0013238792, -0.0011891816, 0.7001221, 0.7140209)
bones/13/scale = Vector3(1, 1.0000001, 1.0000001)
bones/14/name = "head"
bones/14/parent = 3
bones/14/rest = Transform3D(1, 0, 8.4703295e-22, 0, 1, 0, -8.4703295e-22, 0, 1, 0, 0.26879656, 0)
bones/14/enabled = true
bones/14/position = Vector3(0, 0.26879656, 0)
bones/14/rotation = Quaternion(-0.016065245, -0.03080839, -0.0006783903, 0.99939597)
bones/14/scale = Vector3(0.99999994, 1, 1)
bones/15/name = "upperleg.r"
bones/15/parent = 1
bones/15/rest = Transform3D(1, 1.496114e-07, -6.08626e-08, 1.4740667e-07, -0.9993962, -0.034741182, -6.6023446e-08, 0.034741133, -0.9993976, -0.17094506, 0.11358726, 1.3923272e-08)
bones/15/enabled = true
bones/15/position = Vector3(-0.17094508, 0.11358769, 0.00035857141)
bones/15/rotation = Quaternion(0.99590594, -0.030155862, 0.030938957, 0.07940297)
bones/15/scale = Vector3(0.9999999, 0.99999976, 1.0000008)
bones/16/name = "lowerleg.r"
bones/16/parent = 15
bones/16/rest = Transform3D(1, -1.61291e-07, -1.2085522e-07, 1.3212053e-07, 0.9774329, -0.21124826, 1.5220023e-07, 0.21124834, 0.97743255, -3.5797574e-09, 0.2270775, -6.140325e-09)
bones/16/enabled = true
bones/16/position = Vector3(-3.5797574e-09, 0.2270775, -6.140325e-09)
bones/16/rotation = Quaternion(0.3185354, -6.194731e-08, 2.2130935e-07, 0.94791096)
bones/16/scale = Vector3(0.99999994, 0.99999976, 0.99999994)
bones/17/name = "foot.r"
bones/17/parent = 16
bones/17/rest = Transform3D(1, -1.5513058e-07, 2.935212e-07, -1.4711547e-07, 0.5855154, 0.8106606, -2.9761958e-07, -0.81066227, 0.5855142, -1.8339222e-10, 0.14943703, 9.658786e-10)
bones/17/enabled = true
bones/17/position = Vector3(-1.8339222e-10, 0.14943703, 9.658786e-10)
bones/17/rotation = Quaternion(-0.58363634, 0.113305666, -0.012217171, 0.8039784)
bones/17/scale = Vector3(0.99999976, 1.0000006, 0.9999992)
bones/18/name = "toes.r"
bones/18/parent = 17
bones/18/rest = Transform3D(-1, 8.95137e-08, 1.0213958e-07, -1.1394949e-08, 0.6941041, -0.7198751, -1.3533413e-07, -0.71987, -0.694109, 2.1323326e-10, 0.16565003, 5.1714e-09)
bones/18/enabled = true
bones/18/position = Vector3(2.1323326e-10, 0.16565003, 5.1714e-09)
bones/18/rotation = Quaternion(-8.847096e-05, 0.92022145, -0.39139825, 2.009405e-05)
bones/18/scale = Vector3(1.0000002, 0.9999979, 1.0000024)
bones/19/name = "upperleg.l"
bones/19/parent = 1
bones/19/rest = Transform3D(1, -1.4221531e-07, -2.6560238e-08, -1.4305222e-07, -0.9993962, -0.034741182, -2.160345e-08, 0.034741133, -0.9993976, 0.17094506, 0.11358726, 1.3923272e-08)
bones/19/enabled = true
bones/19/position = Vector3(0.17094508, 0.113587365, -0.0003578285)
bones/19/rotation = Quaternion(0.990629, 0.05739317, 0.070486836, 0.1019399)
bones/19/scale = Vector3(0.9999999, 0.9999997, 1.0000008)
bones/20/name = "lowerleg.l"
bones/20/parent = 19
bones/20/rest = Transform3D(1, 1.61291e-07, 1.2085519e-07, -1.3212053e-07, 0.9774329, -0.21124826, -1.522002e-07, 0.21124834, 0.97743255, 3.5797574e-09, 0.2270775, -6.140325e-09)
bones/20/enabled = true
bones/20/position = Vector3(3.5797574e-09, 0.2270775, -6.140325e-09)
bones/20/rotation = Quaternion(0.31153905, 6.5357305e-08, -2.1577908e-07, 0.9502334)
bones/20/scale = Vector3(1.0000004, 0.99999994, 1.0000001)
bones/21/name = "foot.l"
bones/21/parent = 20
bones/21/rest = Transform3D(1, 4.6432284e-08, 6.012426e-08, -7.592727e-08, 0.5855154, 0.8106606, 2.437142e-09, -0.81066227, 0.5855142, 1.8339347e-10, 0.14943703, 9.658738e-10)
bones/21/enabled = true
bones/21/position = Vector3(1.8339347e-10, 0.14943703, 9.658738e-10)
bones/21/rotation = Quaternion(-0.5550444, -0.11232339, 0.04548786, 0.82294595)
bones/21/scale = Vector3(1.0000004, 1.0000007, 0.9999993)
bones/22/name = "toes.l"
bones/22/parent = 21
bones/22/rest = Transform3D(-1, 1.332896e-07, 6.9433895e-08, 4.2534122e-08, 0.6941041, -0.7198751, -1.4414616e-07, -0.71987, -0.694109, -1.5114397e-08, 0.16565003, 5.171392e-09)
bones/22/enabled = true
bones/22/position = Vector3(-1.5114397e-08, 0.16565003, 5.171392e-09)
bones/22/rotation = Quaternion(-7.2880096e-07, 0.9202332, -0.39137045, 2.1109835e-07)
bones/22/scale = Vector3(1.0000001, 0.9999975, 1.0000027)

[node name="InteractionManager" parent="Rig_Medium/Skeleton3D" instance=ExtResource("3_bectd")]
transform = Transform3D(-1, 0, 8.742278e-08, 0, 1, 0, -8.742278e-08, 0, -1, 0, 0, 0)

[node name="AnimationPlayer" type="AnimationPlayer" parent="."]
libraries = {
&"player": ExtResource("2_abrql")
}

[node name="AnimationTree" type="AnimationTree" parent="."]
tree_root = SubResource("AnimationNodeStateMachine_symyc")
anim_player = NodePath("../AnimationPlayer")
parameters/conditions/grounded = false
parameters/conditions/jumping = false
parameters/Idle_Walk_Run_Cycle/blend_position = Vector2(-0.0035906434, -0.004484296)

[node name="CollisionShape3D" type="CollisionShape3D" parent="."]
transform = Transform3D(1, 0, 0, 0, 1, 0, 0, 0, 1, 0, 1.2, 0)
shape = SubResource("CapsuleShape3D_abrql")

[node name="SpringArm3D" type="SpringArm3D" parent="."]
transform = Transform3D(1, 0, 0, 0, 0.9238795, 0.38268346, 0, -0.38268346, 0.9238795, 0, 2.5, 0)
spring_length = 5.0
margin = 0.2

[node name="Camera3D" type="Camera3D" parent="SpringArm3D"]

[node name="Managers" type="Node" parent="."]

[node name="FiniteStateManager" parent="Managers" node_paths=PackedStringArray("initial_state") instance=ExtResource("4_bls4j")]
initial_state = NodePath("Idle")

[node name="Idle" type="Node" parent="Managers/FiniteStateManager"]
script = ExtResource("5_fkugw")

[node name="Moving" type="Node" parent="Managers/FiniteStateManager"]
script = ExtResource("6_8fjmc")

[node name="Jumping" type="Node" parent="Managers/FiniteStateManager"]
script = ExtResource("7_qiwj3")

[node name="ClassManager" parent="Managers" node_paths=PackedStringArray("skeleton") instance=ExtResource("8_26q78")]
skeleton = NodePath("../../Rig_Medium/Skeleton3D")
initial_class = ExtResource("8_bectd")

[node name="UI" type="CanvasLayer" parent="."]

[node name="MarginContainer" type="MarginContainer" parent="UI"]
anchors_preset = 15
anchor_right = 1.0
anchor_bottom = 1.0
grow_horizontal = 2
grow_vertical = 2
theme_override_constants/margin_left = 24
theme_override_constants/margin_top = 24
theme_override_constants/margin_right = 24
theme_override_constants/margin_bottom = 24

[node name="StateLabel" type="Label" parent="UI/MarginContainer"]
layout_mode = 2
size_flags_horizontal = 0
size_flags_vertical = 0
theme_override_font_sizes/font_size = 24
text = "Idle"

[node name="ClassLabel" type="Label" parent="UI/MarginContainer"]
layout_mode = 2
size_flags_horizontal = 8
size_flags_vertical = 0
theme_override_font_sizes/font_size = 24
text = "?"
